ΧΧΙΧ

1119991 nous, sur 999 rapport, 919191 99 99119 9999911 (11191 99
qu'il ap 11199119.

98. 11 999111911999999 99911199191999911 199999119911999
1111111 111111..111111111111111
19999911, 9199 999919999991111 9919191111 pur 19 9999911
9119191991, 99 11191919 9999119919, 1191191199119919 1911919.

99. 119191919119919991919111991919, 19 9999911 (1111·
1111919 9111191 1991999119 9111119911 1 99119 1199999 99199199 113199
9191911199991 19 191.

100. Ν199199199, (199919 991 911 11 991911 19999111 que 199 habitans
(1119999191919 1991 drus 119191ἱί99999 (19 199191199111991911999,
1111199 prr 19119 91119911199119, 99 19 1199119119 (191991 999 minis»
119919 119111199191 (199 991199 , 991 19 rapport (1991991111 9919
199191 199119 paroisse tel 9999911 qui 1919 prr 9911 (1119191191, 91

qui ,9919 pris sur 19 fonds commun 1191111 prr 19 191 (1911199191- .

bre 1807, relative au 11111911911191.

101. 11999 1999199 999 ou 11 y 9919 1191 99 1999911 (199911911-
que sur 999 9911119999, 19 911191191911999111919199199191191 91
(1919 9919191199, 91 (11911919 91 19 (1199999 (1911199119 prr 19 99119
peut 1119 prise sur les 1919999 (19199919911199, ou 1911111 con·
91119999 (19 quelle 9991919, 999199119 9991999199 pour 191 9991-
191999 (1991 les 1919999 9191191991 vingt mille 119991.

10111199 19 999 911 il ya lieu 1199991999119911999999111999191·
prl, 911919111191191919 991919999991919911 plusieurs 9991919999, 19
999991119911911199919919999919 19199919111111111919 9199119991.

101. 11191199 1999911199 91119911199119 191 199 communes 99
9991191119 19119 pour 1991191919 culte, (1199119 199999911199-
ment 9119191919 des 19199111199191911199 99119191.

ΕΗΑΡΙΤΒΕ V.

999 1911919 11191911111, 999 111991919199919191,
11 919 9111111119.

101. Les fabriquer (1991111999 911199911191999 91 (91111119199
999119991991 1 1119 9919991199 91 119191111199 99919ωὲ19991 aux
1131919991 e'pisropaux qui ont 111111119 prr 9999.

101. 1911199 199 (111999111999 9999919911 191 1911111191 991911919199
9991 9991999199, en 1991 (11191191 9999919991 199191919191191199
1911119919, 991191111999 (199 9911119199.

 

