1le

6661666, 6666 666 6616666666 66 6666661, 16616 (16 1666666
6166616616, 6166166 6616ιί661166.

66. 166 6661666 666666661 66 666611666 66 lep, 6661 16666161
66 666611 666 6616666166 66616 16666666, lu 6666666666666 66
666166, 16 6616 66 666166 66 6661166 6661166666, 166666666666666661
1666611 666 charges 6661661666, 66666166616666 6666166166666
3606661666 68616616 66 6666611 611161, 66666666 666 666616 2¹

6666166 .

1166616 66666116 66666666611 16666166616,61166ασ66666ὴ6.
61 66 66116611 que 6666 166 616 66616 6616661 11 66616666 dn 16666
61666616166, 6116 66 6661616166 16 666666 6666666166 6666 66116
666666 66666161, 61666, 16 6666611 6611116666 6661666161616166,
6116 666161666666666 celui qui 66661166166166 6666166666.

61. Le prix 666 61661666 6666 61616, 666616661666666661666, 666
deliberatum du 666666, 6666666666661666661166611666116ἁ61166
6666 61661166 6666 1661166.

66. 11661 666666166661 6616666 66 6166 666666666661661666
6616661166, 61 66 66666ιοί6 6666 1661166 plusque 16 6616 666 61661666,
uuus quelque 66116616 que 66 6611.

11 6666 66166 6666666 6666 166166 166 6611666, 666 61666 66 les
1166166 qui 66 166661 666 66 61661666 61 66 banus, 6666616666- ,
666666666166616166 66 6666166 66616, 61 66166666 166 1661666·
11666.

6616 666666 des 16666611Ιί666 666666 6166 66166166, 66616
6666611, 6611 1 nigu- 16 16661166 666 66666 61 6661666, 6611116
6661166 66 166666.

61. 116666 16 locatim 666 obnisus 6666 mise 66 166666. 16616-
61661166 6666 1166 66666166166616666, 66 66116166 66 66116166;166
66666666 666661666666 66 666666 66 16 fabrique 666 6666166166.
611661661661166666616116 66 6166 666661, 66 66666666 666 mur·
661111666ς6616616661 11 6666 1611 mention 6666 16 buil, 666661 6666
666666616 661166666666616666 116616 prix 666 61661666.

66. 666666 6666666166 66 116666 66 616666 6666166166 66 666666
6116616116, 6611 6666611 6666 666 6666161166 66666116, 6611666616
d’un 666116166 d’un immeuble‚ uuit 6666 66 16666 61661666 que
16 616 66 ceux qui 16666616616666, 6661 1666661166 6166666.

69. 16 demando 66 6666666166 6666 6666666166 66 1666666, qui,

6666166166661161666 66111166 666 16616 6166666666, 616166666116
66616 66 1161166 6666661 66 66616, 6116 que chacun 661666 obtenu
16 6661666666 666666 6666 6166 6666166666. 61166611 6666 666·
6666166 pour 66 1666666616, 16 1666666 16 1666 6661666 66 6661161 61
66 66616166, 6666 6166, 66116 6661661166, 66666166 6666 166 afflues
6 66 16611666.

 

